10002903
10002905
10002909
10002913
10002917
10002919
10003135
10003137
10003139
10005968
10005969
10005979
10005982
10005983
10005995
10006009
10006043
10006055
10006057
10006061
10006065
10006115
10006120
10006123
10006125
10006141
10006142
10006148
10006177
10006222
10006223
10006224
10006257
10006266
10006269
10006270
10006271
10006393
10006394
10006395
10006396
10006397
10006401
10006433
10006467
10006476
10006494
10006496
10006571
10006653
10006654
10006655
10006683
10006712
10006716
10006774
10006795
10006798
10006813
10006821
10006830
10006832
10006834
10006836
10006841
10006871
10006887
10006934
10006942
10007082
10007086
10007094
10007095
10007097
10010436
10011230
10011244
10013027
10013029
10013430
10013435
10013438
10013443
10013482
10013488
10013502
10013503
10013504
10013505
10013506
10013507
10013508
10013597
10013599
10013601
10013644
10013645
10013675
10013681
10013696
10013697
10013768
10013772
10013788
10013819
10013842
10013936
10013937
10013938
10013939
10013940
10013941
10013999
10014009
10014985
10014986
10014989
10014990
10014995
10014996
10014997
10014998
10015001
10015002
10015009
10015010
10015011
10015012
10015015
10015016
10015017
10015018
10015019
10015020
10015029
10015030
10015031
10015032
10015033
10015034
10015359
10015363
10015364
10015465
10015526
10015571
10015589
10015590
10015591
10015657
10015658
10015660
10015919
10015987
10015989
10015991
10016532
10016533
10016538
10016683
10018785
10018789
10019738
10019911
10019912
10020404
10020406
10021382
10021385
10021388
10021400
10021403
10027989
10028956
10028957
10028958
10028959
10029533
10029553
10029554
10030422
10031842
10032661
10034140
10035080
10035081
10035265
10035300
10035516
10036477
10036478
10036798
10036802